100
0 32 40 43 44 62 67 70 72 74 75 76 83 86 95 96 97 99 
1 5 9 11 13 17 35 43 54 68 73 89 
2 0 10 17 20 30 31 35 37 39 40 41 51 56 61 65 68 69 76 82 84 89 94 
3 1 11 20 25 29 30 34 39 45 46 55 56 82 83 87 89 
4 0 2 19 27 34 43 55 56 57 67 79 80 82 86 89 96 
5 8 12 16 31 32 46 68 72 74 75 78 
6 0 4 5 7 10 12 16 22 23 35 52 55 63 65 66 78 79 90 92 95 96 
7 2 8 9 18 21 24 30 38 40 45 49 55 57 60 63 68 73 77 83 90 93 95 
8 3 9 10 14 19 22 24 27 31 36 40 41 42 44 56 57 60 71 74 92 97 
9 0 7 23 24 33 37 40 46 54 56 65 68 84 87 93 94 95 
10 0 9 15 17 27 29 33 38 41 45 48 49 52 53 59 60 62 76 82 83 93 
11 2 8 14 20 23 24 25 26 37 39 43 44 46 50 53 63 72 73 78 86 90 97 
12 6 11 15 27 29 32 33 36 40 41 45 48 52 56 57 61 62 68 69 73 77 79 95 
13 16 18 27 38 52 53 57 63 64 66 67 68 70 80 86 90 
14 1 5 11 18 20 27 45 56 66 67 73 74 75 82 84 88 91 
15 0 2 19 24 25 27 28 37 47 56 63 64 73 75 76 78 79 87 94 96 99 
16 3 4 10 11 12 18 25 28 30 31 32 34 37 41 45 46 49 52 69 72 82 83 
17 4 7 14 20 33 36 37 42 56 59 60 64 68 69 72 76 77 89 93 
18 3 5 21 24 29 37 38 39 48 50 51 70 74 80 92 94 96 
19 1 4 8 20 21 30 38 42 44 48 54 56 57 63 65 66 68 74 78 98 
20 12 13 21 56 57 61 66 69 78 80 92 96 
21 12 28 38 42 49 51 55 57 71 73 77 78 80 81 
22 1 6 8 16 19 25 31 40 45 52 53 57 63 65 66 68 74 75 76 83 91 95 
23 2 4 30 51 52 53 64 68 81 85 87 92 
24 3 5 14 15 19 22 40 42 43 49 50 53 57 59 70 77 81 82 84 91 92 99 
25 5 14 18 30 33 36 40 45 54 55 56 57 60 61 62 64 74 77 80 88 94 96 97 
26 0 3 16 18 23 29 33 34 37 40 46 53 56 65 66 68 71 72 78 81 94 
27 2 4 5 8 12 19 30 34 35 37 38 39 47 49 70 75 77 78 80 84 
28 4 9 10 22 24 27 29 34 36 37 38 53 65 68 71 75 76 84 87 92 93 94 
29 0 10 22 26 30 37 42 50 53 54 55 58 66 73 75 82 85 88 89 94 99 
30 9 10 19 21 26 27 38 41 43 45 46 47 51 54 56 65 67 68 69 70 73 78 84 87 93 94 
31 2 3 13 16 19 29 37 45 46 47 54 60 62 64 79 81 90 
32 0 14 15 20 24 25 29 34 39 43 49 79 81 85 95 98 
33 4 11 19 20 23 27 31 34 38 65 79 82 83 84 
34 3 5 6 9 23 25 27 30 32 51 59 80 82 84 85 86 93 98 
35 9 11 13 18 21 22 52 55 59 60 63 64 69 73 77 79 84 86 88 89 96 
36 0 13 15 16 17 25 26 40 46 52 66 67 71 81 83 86 90 92 94 98 
37 8 22 24 34 38 39 46 47 49 54 59 69 79 85 86 96 
38 0 2 3 4 13 14 15 27 30 36 37 46 48 49 50 63 66 76 88 
39 2 3 10 41 44 49 53 57 65 75 76 78 79 87 90 98 
40 6 12 13 14 22 30 32 37 39 44 47 51 56 63 65 71 74 79 90 91 93 95 98 
41 0 8 15 49 54 59 61 66 69 73 74 76 86 94 96 97 
42 0 3 8 11 17 23 25 35 37 46 49 51 52 53 54 57 61 66 70 77 78 85 87 88 90 91 95 98 
43 1 4 5 9 17 19 20 30 31 34 39 45 50 52 54 58 70 71 77 78 81 99 
44 6 10 11 13 22 23 30 33 35 46 52 53 59 64 68 76 80 86 89 90 96 
45 5 9 19 27 35 48 50 57 68 69 73 81 
46 4 10 14 17 32 35 41 45 47 57 67 68 75 78 85 91 94 95 
47 2 5 15 16 19 25 32 40 44 45 46 49 51 52 54 64 69 75 80 91 97 
48 2 6 13 16 18 19 24 29 33 40 43 56 57 58 62 67 74 75 85 90 91 93 95 96 
49 3 5 14 27 34 37 38 43 45 47 50 65 82 93 99 
50 3 10 17 18 19 21 23 25 32 39 43 48 52 63 67 69 71 77 78 80 83 84 94 98 
51 1 6 7 10 13 14 21 22 24 25 26 33 41 44 56 65 71 88 98 
52 3 7 24 45 48 49 54 55 64 73 77 85 90 96 98 
53 0 1 5 8 12 14 15 17 18 19 20 25 26 31 33 37 43 44 46 48 57 59 75 82 93 95 97 
54 0 7 8 10 16 25 31 37 38 42 45 47 50 62 69 70 78 85 90 99 
55 6 21 22 36 42 46 47 50 53 57 61 67 78 81 85 87 90 92 93 95 96 
56 3 5 6 11 12 18 23 26 28 30 31 32 45 48 49 58 77 80 84 85 93 99 
57 4 5 16 19 22 28 29 30 31 32 36 39 43 44 52 61 65 66 67 76 79 80 81 84 87 88 89 90 92 94 97 
58 4 23 36 41 43 55 60 78 85 86 89 
59 0 4 8 14 20 24 28 29 30 37 49 69 73 79 86 89 93 99 
60 0 8 12 15 20 28 30 33 35 39 40 44 45 50 52 55 67 72 74 75 78 79 81 91 93 94 95 
61 3 4 6 15 18 20 25 27 28 32 35 36 38 42 47 54 55 56 57 67 70 71 73 90 95 
62 18 20 22 24 25 26 34 46 47 50 52 56 57 65 67 72 74 78 89 96 99 
63 1 12 13 20 22 23 26 28 29 31 43 44 46 49 58 61 74 76 78 79 81 84 87 89 96 
64 0 11 13 18 31 33 36 37 39 40 50 53 55 67 68 94 
65 1 3 14 21 41 55 57 58 68 71 72 74 78 96 
66 3 5 6 7 9 10 12 13 17 18 27 30 31 33 34 36 40 60 64 70 74 75 76 85 86 91 92 94 
67 1 6 7 11 14 16 24 26 28 29 30 48 54 58 60 61 65 70 77 81 86 93 
68 0 20 22 31 35 39 43 51 61 64 70 73 78 88 92 96 
69 2 19 23 24 27 33 34 44 49 50 52 60 65 73 74 79 85 89 99 
70 1 4 6 10 11 17 23 24 25 27 33 36 39 50 52 59 61 74 78 90 92 
71 2 3 4 10 13 19 20 21 22 23 26 27 29 31 34 42 46 48 52 56 60 63 64 79 83 85 88 92 93 
72 5 11 12 25 27 28 35 36 37 40 43 45 49 50 51 52 55 62 73 74 81 82 84 86 87 90 
73 0 6 11 14 21 29 35 44 47 62 65 69 72 76 80 85 88 94 99 
74 10 28 41 45 48 49 56 62 65 69 78 81 84 93 98 99 
75 2 3 7 9 11 18 24 32 34 36 49 50 55 67 72 85 89 91 94 
76 1 12 17 18 25 27 30 50 61 66 67 73 78 91 96 
77 0 1 2 3 7 8 11 17 19 22 36 41 56 64 65 70 76 82 83 88 96 
78 4 5 6 8 12 19 26 27 32 33 35 51 55 56 61 68 71 80 84 87 91 92 93 97 
79 3 6 8 20 24 33 47 57 60 63 66 72 74 75 78 80 81 82 85 87 90 91 
80 5 13 20 24 25 27 28 29 36 37 45 51 54 57 64 69 74 79 86 93 
81 3 4 5 6 8 10 11 13 18 26 37 39 40 50 57 59 68 75 82 85 87 90 99 
82 12 14 15 19 25 32 36 37 64 68 75 79 80 84 86 87 89 96 
83 6 10 19 29 33 39 44 46 63 73 78 88 
84 2 4 17 20 37 38 43 46 48 60 73 78 86 89 95 96 
85 12 15 17 19 20 21 27 30 33 36 39 44 53 58 62 64 70 71 74 76 77 79 80 83 84 87 90 91 
86 0 3 7 11 18 21 25 30 39 45 52 57 59 61 63 65 66 76 77 84 91 94 96 
87 2 11 16 24 26 33 35 44 45 51 52 54 60 66 77 84 85 
88 2 8 11 19 23 30 43 46 61 65 80 81 83 86 95 96 98 
89 1 3 6 8 17 18 19 26 28 41 45 46 54 57 61 63 75 84 87 91 93 97 98 
90 6 7 9 11 12 17 19 24 25 36 42 50 59 65 70 71 83 88 91 93 94 98 
91 3 12 15 16 18 19 28 33 39 44 50 57 59 64 70 73 74 75 80 82 87 
92 1 2 5 8 20 21 22 28 29 33 36 39 43 70 74 75 79 81 84 87 
93 3 5 9 12 18 22 23 30 31 54 56 66 75 78 80 84 86 97 99 
94 5 7 12 15 16 22 29 42 47 53 60 64 69 71 73 83 84 85 87 97 
95 13 14 19 20 33 51 56 57 60 63 66 67 68 70 75 88 90 
96 3 6 13 15 19 27 30 31 56 60 63 68 72 78 80 81 84 87 93 95 
97 2 4 8 14 36 45 48 55 59 70 80 82 84 87 88 93 
98 6 13 14 18 20 22 26 34 38 41 43 47 49 53 60 70 73 76 77 78 88 90 96 99 
99 7 14 17 20 31 32 33 43 45 47 66 96 97 
