50
0 1 2 4 6 11 12 13 14 23 24 26 29 33 35 41 43 44 47 
1 7 8 9 10 12 14 17 18 19 24 25 32 36 37 42 46 48 
2 0 3 6 7 8 10 12 13 16 17 20 21 23 24 26 28 30 33 34 36 40 44 45 46 47 48 49 
3 2 4 6 9 16 18 20 21 23 27 34 37 44 46 47 48 
4 0 6 10 15 16 19 22 23 24 26 30 32 33 35 38 42 45 48 49 
5 1 4 8 10 13 16 17 18 19 22 24 25 28 33 34 35 41 43 44 46 
6 0 2 3 4 7 9 10 11 12 14 16 17 18 20 21 23 26 27 28 29 33 38 39 40 41 42 43 44 45 46 47 
7 0 2 5 6 9 13 14 16 17 19 23 25 28 32 33 38 39 43 44 45 46 48 
8 9 10 17 18 21 22 26 27 28 33 35 36 38 41 42 47 
9 3 5 8 11 12 14 16 17 18 19 21 22 24 25 29 32 37 39 41 43 45 46 
10 2 5 7 8 9 11 13 14 15 18 20 22 25 27 29 32 43 46 
11 0 4 12 14 17 18 22 25 26 29 31 32 37 48 49 
12 5 8 11 13 20 21 34 36 38 39 40 41 43 45 49 
13 2 4 8 10 11 12 18 19 24 25 27 29 30 31 33 34 39 41 42 49 
14 2 3 4 6 7 8 10 21 23 28 31 38 39 40 41 42 44 47 48 
15 6 8 9 10 11 12 16 19 26 31 32 33 34 39 41 42 44 45 48 49 
16 5 7 9 11 12 17 19 20 24 29 31 34 35 36 38 41 46 47 49 
17 2 4 7 9 11 12 15 16 20 21 30 31 32 34 35 37 38 39 43 
18 0 3 5 6 12 15 17 24 28 30 31 33 36 38 42 48 
19 2 3 4 7 8 10 12 13 14 15 22 23 24 25 31 33 34 40 47 
20 2 4 8 11 12 18 21 23 26 27 31 33 34 35 37 38 39 43 45 46 47 49 
21 1 6 8 9 11 13 14 15 16 18 23 31 35 40 45 46 48 49 
22 2 4 5 6 8 11 12 16 18 19 24 26 27 29 30 31 32 34 38 40 41 43 46 47 49 
23 1 2 8 9 11 13 15 16 17 21 25 27 28 29 33 34 37 38 39 46 47 48 
24 0 1 2 3 7 9 10 12 19 20 22 25 26 27 29 31 32 34 35 36 37 38 42 47 48 
25 2 6 9 12 15 21 23 27 31 32 34 36 38 43 46 
26 0 1 5 6 7 8 15 18 20 21 22 25 27 36 38 41 48 
27 0 3 4 9 10 11 12 13 14 15 17 18 19 25 29 30 32 33 35 37 39 41 43 47 49 
28 0 2 5 6 8 13 17 18 19 20 23 24 25 26 29 30 33 35 40 45 47 48 
29 0 2 4 8 9 12 15 16 17 18 22 23 25 27 28 36 37 38 43 44 46 49 
30 0 1 3 4 5 7 9 11 12 13 14 16 20 23 25 32 34 37 39 41 42 44 46 48 49 
31 7 8 9 11 12 15 17 18 19 22 26 32 33 37 42 46 47 48 
32 1 2 3 4 5 8 10 14 15 16 17 18 23 24 27 28 30 35 36 41 44 49 
33 5 9 13 14 15 20 21 22 24 25 26 29 31 32 34 37 38 40 44 46 47 49 
34 0 1 3 4 10 12 16 17 29 30 32 35 37 39 42 43 44 45 46 47 48 49 
35 1 5 10 11 13 14 15 17 18 19 21 25 26 29 31 36 37 45 46 49 
36 1 5 8 15 16 21 25 26 30 31 33 37 40 45 46 47 
37 2 7 8 9 11 12 16 17 18 22 23 28 33 34 35 42 43 47 
38 3 6 12 13 14 15 20 24 27 29 31 36 41 42 43 48 
39 0 1 12 21 22 23 24 26 28 33 34 38 41 42 43 47 
40 0 4 7 8 14 15 16 19 23 28 30 32 37 38 39 43 47 48 
41 0 1 4 8 10 11 13 14 16 22 25 26 27 28 34 39 42 44 46 47 49 
42 0 5 6 8 10 13 15 20 21 25 28 31 33 35 36 39 40 41 43 45 46 48 
43 0 2 3 4 9 12 13 16 19 25 26 32 35 36 38 41 42 
44 0 2 7 9 10 11 14 15 16 19 21 23 28 31 35 36 38 46 49 
45 1 5 6 7 9 10 11 12 13 14 16 20 24 28 31 32 34 36 38 39 40 41 42 44 
46 0 1 10 11 13 14 17 18 19 21 22 23 24 25 31 36 38 40 41 42 43 47 48 49 
47 0 1 2 5 7 11 13 15 29 32 33 34 35 36 39 41 42 43 44 45 
48 3 5 6 7 9 12 13 16 18 19 22 24 28 29 33 34 36 39 40 46 47 
49 0 2 6 7 8 10 14 15 16 17 19 22 24 26 31 38 41 48 
